3010005,43.422377,-80.441848,10001
3010005,43.422221,-80.442806,10002
3010005,43.421996,-80.443412,10003
3010005,43.421863,-80.443720,10004
3010005,43.421589,-80.444428,10005
3010005,43.421477,-80.444740,10006
3010005,43.421434,-80.444921,10007
3010005,43.421289,-80.445657,10008
3010005,43.421066,-80.446818,10009
3010005,43.420920,-80.447561,10010
3010005,43.420761,-80.448510,10011
3010005,43.420645,-80.449119,10012
3010005,43.420580,-80.449502,10013
3010005,43.420382,-80.450599,10014
3010005,43.420205,-80.451805,10015
3010005,43.419954,-80.453275,10016
3010005,43.419938,-80.453686,10017
3010005,43.419810,-80.455675,10018
3010005,43.419810,-80.456168,10019
3010005,43.419901,-80.456623,10020
3010005,43.420132,-80.457084,10021
3010005,43.420315,-80.457301,10022
3010005,43.420515,-80.457616,10023
3010005,43.420696,-80.457902,10024
3010005,43.420886,-80.458203,10025
3010005,43.421025,-80.458602,10026
3010005,43.421239,-80.459389,10027
3010005,43.421360,-80.459908,10028
3010005,43.421428,-80.460366,10029
3010005,43.421670,-80.461313,10030
3010005,43.422007,-80.461884,10031
3010005,43.422674,-80.462795,10032
3010005,43.422812,-80.462962,10033
3010005,43.422812,-80.462962,20001
3010005,43.422815,-80.462964,20002
3010005,43.423268,-80.463410,20003
3010005,43.423951,-80.464231,20004
3010005,43.424498,-80.464864,20005
3010005,43.425142,-80.465582,20006
3010005,43.425449,-80.465819,20007
3010005,43.425906,-80.466050,20008
3010005,43.426215,-80.466161,20009
3010005,43.426352,-80.466296,20010
3010005,43.426371,-80.466614,20011
3010005,43.426344,-80.466842,20012
3010005,43.426251,-80.467129,20013
3010005,43.426020,-80.467786,20014
3010005,43.425928,-80.468064,20015
3010005,43.425945,-80.468330,20016
3010005,43.426004,-80.468515,20017
3010005,43.426207,-80.468743,20018
3010005,43.426797,-80.469484,20019
3010005,43.427634,-80.470488,20020
3010005,43.428310,-80.471295,20021
3010005,43.429511,-80.472700,20022
3010005,43.429515,-80.472700,20023
3010005,43.430476,-80.473951,20024
3010005,43.433694,-80.477873,20025
3010005,43.433694,-80.477873,30001
3010005,43.433696,-80.477877,30002
3010005,43.434002,-80.478257,30003
3010005,43.434169,-80.478417,30004
3010005,43.434311,-80.478494,30005
3010005,43.434537,-80.478516,30006
3010005,43.435584,-80.478195,30007
3010005,43.435713,-80.478155,30008
3010005,43.435770,-80.478137,30009
3010005,43.435831,-80.478096,30010
3010005,43.435874,-80.478048,30011
3010005,43.438754,-80.474814,30012
3010005,43.439568,-80.473898,30013
3010005,43.440131,-80.473313,30014
3010005,43.440677,-80.472761,30015
3010005,43.441117,-80.472332,30016
3010005,43.441170,-80.472297,30017
3010005,43.441231,-80.472292,30018
3010005,43.441292,-80.472356,30019
3010005,43.442188,-80.474408,30020
3010005,43.442463,-80.475343,30021
3010005,43.442463,-80.475343,40001
3010005,43.442463,-80.475343,40002
3010005,43.442547,-80.475727,40003
3010005,43.442662,-80.476407,40004
3010005,43.442747,-80.476743,40005
3010005,43.442872,-80.477049,40006
3010005,43.443012,-80.477258,40007
3010005,43.443486,-80.477768,40008
3010005,43.443766,-80.478234,40009
3010005,43.444666,-80.480117,40010
3010005,43.446321,-80.483617,40011
3010005,43.446321,-80.483617,50001
3010005,43.446321,-80.483617,50002
3010005,43.447000,-80.484970,50003
3010005,43.447254,-80.485509,50004
3010005,43.447623,-80.486328,50005
3010005,43.447924,-80.487079,50006
3010005,43.448162,-80.487704,50007
3010005,43.448339,-80.488225,50008
3010005,43.448356,-80.488266,50009
3010005,43.448383,-80.488273,50010
3010005,43.448405,-80.488266,50011
3010005,43.448636,-80.488041,50012
3010005,43.448654,-80.488028,50013
3010005,43.448778,-80.487937,50014
3010005,43.448967,-80.487807,50015
3010005,43.449188,-80.487655,50016
3010005,43.449380,-80.487536,50017
3010005,43.449642,-80.487370,50018
3010005,43.449642,-80.487370,60001
3010005,43.449642,-80.487370,60002
3010005,43.449857,-80.487232,60003
3010005,43.450214,-80.487004,60004
3010005,43.450303,-80.486951,60005
3010005,43.450370,-80.486982,60006
3010005,43.450855,-80.488183,60007
3010005,43.451302,-80.489307,60008
3010005,43.451851,-80.490656,60009
3010005,43.451940,-80.490843,60010
3010005,43.451940,-80.490843,70001
3010005,43.451940,-80.490843,70002
3010005,43.452131,-80.491331,70003
3010005,43.452198,-80.491499,70004
3010005,43.452284,-80.491764,70005
3010005,43.452358,-80.492136,70006
3010005,43.452385,-80.492409,70007
3010005,43.452414,-80.492703,70008
3010005,43.452515,-80.493219,70009
3010005,43.452575,-80.493442,70010
3010005,43.452726,-80.493888,70011
3010005,43.452911,-80.494464,70012
3010005,43.453107,-80.494973,70013
3010005,43.453127,-80.495078,70014
3010005,43.453119,-80.495196,70015
3010005,43.452982,-80.495597,70016
3010005,43.452940,-80.495722,70017
3010005,43.452869,-80.495881,70018
3010005,43.452750,-80.495999,70019
3010005,43.452509,-80.496159,70020
3010005,43.452417,-80.496237,70021
3010005,43.452389,-80.496293,70022
3010005,43.452371,-80.496366,70023
3010005,43.452367,-80.496415,70024
3010005,43.452374,-80.496471,70025
3010005,43.452458,-80.496774,70026
3010005,43.453208,-80.499089,70027
3010005,43.453208,-80.499089,80001
3010005,43.453208,-80.499089,80002
3010005,43.453336,-80.499546,80003
3010005,43.453399,-80.499777,80004
3010005,43.453450,-80.499939,80005
3010005,43.453652,-80.500568,80006
3010005,43.453842,-80.501173,80007
3010005,43.454082,-80.501928,80008
3010005,43.454362,-80.502823,80009
3010005,43.454480,-80.503202,80010
3010005,43.454682,-80.503858,80011
3010005,43.454995,-80.504845,80012
3010005,43.455215,-80.505544,80013
3010005,43.455451,-80.506290,80014
3010005,43.455613,-80.506796,80015
3010005,43.455614,-80.506796,80016
3010005,43.455824,-80.507443,80017
3010005,43.455967,-80.507861,80018
3010005,43.456196,-80.508558,80019
3010005,43.456505,-80.509499,80020
3010005,43.456688,-80.510039,80021
3010005,43.456969,-80.510906,80022
3010005,43.457352,-80.512006,80023
3010005,43.457352,-80.512006,90001
3010005,43.457352,-80.512006,90002
3010005,43.457487,-80.512412,90003
3010005,43.457837,-80.513462,90004
3010005,43.458091,-80.514266,90005
3010005,43.458268,-80.514848,90006
3010005,43.458411,-80.515327,90007
3010005,43.458678,-80.516080,90008
3010005,43.458807,-80.516547,90009
3010005,43.459186,-80.517167,90010
3010005,43.459538,-80.517766,90011
3010005,43.459861,-80.518344,90012
3010005,43.459861,-80.518344,100001
3010005,43.459862,-80.518345,100002
3010005,43.460194,-80.518948,100003
3010005,43.460554,-80.519561,100004
3010005,43.461444,-80.521046,100005
3010005,43.461520,-80.521166,100006
3010005,43.461594,-80.521282,100007
3010005,43.461684,-80.521347,100008
3010005,43.461820,-80.521394,100009
3010005,43.462033,-80.521455,100010
3010005,43.464094,-80.522025,100011
3010005,43.464164,-80.522088,100012
3010005,43.464193,-80.522150,100013
3010005,43.464212,-80.522244,100014
3010005,43.464212,-80.522392,100015
3010005,43.464180,-80.522985,100016
3010005,43.464180,-80.522985,110001
3010005,43.464180,-80.522985,110002
3010005,43.464146,-80.523775,110003
3010005,43.464164,-80.524121,110004
3010005,43.464218,-80.524507,110005
3010005,43.464290,-80.524926,110006
3010005,43.464413,-80.525581,110007
3010005,43.464567,-80.526342,110008
3010005,43.464899,-80.527842,110009
3010005,43.464983,-80.528153,110010
3010005,43.465191,-80.528870,110011
3010005,43.465256,-80.529066,110012
3010005,43.465321,-80.529229,110013
3010005,43.465977,-80.530568,110014
3010005,43.466055,-80.530709,110015
3010005,43.466147,-80.530844,110016
3010005,43.466484,-80.531282,110017
3010005,43.467245,-80.532209,110018
3010005,43.467537,-80.532562,110019
3010005,43.467780,-80.532864,110020
3010005,43.468487,-80.533838,110021
3010005,43.468810,-80.534280,110022
3010005,43.468889,-80.534397,110023
3010005,43.468889,-80.534397,120001
3010005,43.468895,-80.534406,120002
3010005,43.470031,-80.536399,120003
3010005,43.471191,-80.538365,120004
3010005,43.471779,-80.539352,120005
3010005,43.472413,-80.540263,120006
3010005,43.472963,-80.540877,120007
3010005,43.473423,-80.541272,120008
3010005,43.473423,-80.541272,120009
3010005,43.473423,-80.541272,130001
3010005,43.473833,-80.541564,130002
3010005,43.474102,-80.541710,130003
3010005,43.475172,-80.542273,130004
3010005,43.476188,-80.542775,130005
3010005,43.477364,-80.543294,130006
3010005,43.479795,-80.544412,130007
3010005,43.480577,-80.544781,130008
3010005,43.481604,-80.545101,130009
3010005,43.481623,-80.545111,130010
3010005,43.481623,-80.545111,140001
3010005,43.481628,-80.545113,140002
3010005,43.481853,-80.545214,140003
3010005,43.482186,-80.545314,140004
3010005,43.482403,-80.545312,140005
3010005,43.482790,-80.545207,140006
3010005,43.483681,-80.544985,140007
3010005,43.484532,-80.544768,140008
3010005,43.485407,-80.544485,140009
3010005,43.485844,-80.544353,140010
3010005,43.486491,-80.544138,140011
3010005,43.486745,-80.544011,140012
3010005,43.487365,-80.543562,140013
3010005,43.487984,-80.543155,140014
3010005,43.488427,-80.542856,140015
3010005,43.488996,-80.542546,140016
3010005,43.489641,-80.542198,140017
3010005,43.489943,-80.542111,140018
3010005,43.490521,-80.541998,140019
3010005,43.491516,-80.541793,140020
3010005,43.492120,-80.541842,140021
3010005,43.492821,-80.541927,140022
3010005,43.493549,-80.542008,140023
3010005,43.494143,-80.542158,140024
3010005,43.495495,-80.542461,140025
3010005,43.496466,-80.542799,140026
3010005,43.497220,-80.543144,140027
3010005,43.497222,-80.543146,140028
3010005,43.497222,-80.543146,150001
3010005,43.497483,-80.543245,150002
3010005,43.497689,-80.543308,150003
3010005,43.497904,-80.543317,150004
3010005,43.497997,-80.543301,150005
3010005,43.498073,-80.543269,150006
3010005,43.498199,-80.542975,150007
3010005,43.498564,-80.541910,150008
3010005,43.498799,-80.541192,150009
3010005,43.499144,-80.540240,150010
3010005,43.499548,-80.539143,150011
3010005,43.499692,-80.538768,150012
3010005,43.500004,-80.537934,150013
3010005,43.500299,-80.537114,150014
3010005,43.500755,-80.535812,150015
3010005,43.501048,-80.535053,150016
3010005,43.501209,-80.534636,150017
3010005,43.501530,-80.533762,150018
3010005,43.501586,-80.533564,150019
3010005,43.501590,-80.533406,150020
3010005,43.501566,-80.533279,150021
3010005,43.501335,-80.533017,150022
3010005,43.500604,-80.532168,150023
3010005,43.500010,-80.531501,150024
3010005,43.499611,-80.531064,150025
3010005,43.499206,-80.530630,150026
3010005,43.499098,-80.530476,150027
3010005,43.499067,-80.530329,150028
3010005,43.498936,-80.530136,150029
3010005,43.498749,-80.529957,150030
3010005,43.498517,-80.529749,150031
3010005,43.498427,-80.529685,150032
3010005,43.498380,-80.529651,150033
3010005,43.498289,-80.529585,150034
3010006,43.498297,-80.529536,10001
3010006,43.498321,-80.529554,10002
3010006,43.498452,-80.529645,10003
3010006,43.498675,-80.529808,10004
3010006,43.498855,-80.529972,10005
3010006,43.498995,-80.530116,10006
3010006,43.499115,-80.530288,10007
3010006,43.499156,-80.530499,10008
3010006,43.499210,-80.530572,10009
3010006,43.499456,-80.530816,10010
3010006,43.499729,-80.531115,10011
3010006,43.500160,-80.531604,10012
3010006,43.500452,-80.531935,10013
3010006,43.500686,-80.532192,10014
3010006,43.501054,-80.532598,10015
3010006,43.501427,-80.533033,10016
3010006,43.501617,-80.533250,10017
3010006,43.501667,-80.533305,10018
3010006,43.501673,-80.533388,10019
3010006,43.501662,-80.533495,10020
3010006,43.501419,-80.534179,10021
3010006,43.501099,-80.535030,10022
3010006,43.500894,-80.535566,10023
3010006,43.500624,-80.536336,10024
3010006,43.500395,-80.536969,10025
3010006,43.500191,-80.537564,10026
3010006,43.499929,-80.538245,10027
3010006,43.499722,-80.538812,10028
3010006,43.499596,-80.539142,10029
3010006,43.499481,-80.539457,10030
3010006,43.499161,-80.540321,10031
3010006,43.498809,-80.541304,10032
3010006,43.498627,-80.541847,10033
3010006,43.498437,-80.542407,10034
3010006,43.498266,-80.542927,10035
3010006,43.498136,-80.543285,10036
3010006,43.498082,-80.543331,10037
3010006,43.497947,-80.543379,10038
3010006,43.497790,-80.543382,10039
3010006,43.497544,-80.543353,10040
3010006,43.497190,-80.543255,10041
3010006,43.497190,-80.543255,20001
3010006,43.496453,-80.542900,20002
3010006,43.495495,-80.542543,20003
3010006,43.493501,-80.542068,20004
3010006,43.491506,-80.541858,20005
3010006,43.489703,-80.542261,20006
3010006,43.488350,-80.542982,20007
3010006,43.486572,-80.544188,20008
3010006,43.484607,-80.544807,20009
3010006,43.482400,-80.545372,20010
3010006,43.482211,-80.545378,20011
3010006,43.481648,-80.545222,20012
3010006,43.481611,-80.545212,20013
3010006,43.481611,-80.545212,30001
3010006,43.481582,-80.545204,30002
3010006,43.481540,-80.545183,30003
3010006,43.480575,-80.544869,30004
3010006,43.479493,-80.544387,30005
3010006,43.477577,-80.543494,30006
3010006,43.475269,-80.542403,30007
3010006,43.473353,-80.541431,30008
3010006,43.473353,-80.541431,40001
3010006,43.473345,-80.541428,40002
3010006,43.472902,-80.540991,40003
3010006,43.472359,-80.540332,40004
3010006,43.471732,-80.539417,40005
3010006,43.471160,-80.538415,40006
3010006,43.469999,-80.536456,40007
3010006,43.468860,-80.534447,40008
3010006,43.468860,-80.534447,50001
3010006,43.468856,-80.534439,50002
3010006,43.468782,-80.534320,50003
3010006,43.468463,-80.533864,50004
3010006,43.467761,-80.532902,50005
3010006,43.467517,-80.532590,50006
3010006,43.467225,-80.532238,50007
3010006,43.466465,-80.531308,50008
3010006,43.466129,-80.530873,50009
3010006,43.466033,-80.530734,50010
3010006,43.465955,-80.530588,50011
3010006,43.465291,-80.529241,50012
3010006,43.465233,-80.529089,50013
3010006,43.465168,-80.528892,50014
3010006,43.464954,-80.528162,50015
3010006,43.464870,-80.527850,50016
3010006,43.464432,-80.525837,50017
3010006,43.464302,-80.525252,50018
3010006,43.464280,-80.525193,50019
3010006,43.464234,-80.525140,50020
3010006,43.463970,-80.524926,50021
3010006,43.463672,-80.524671,50022
3010006,43.462863,-80.524000,50023
3010006,43.462133,-80.523423,50024
3010006,43.462133,-80.523423,60001
3010006,43.462131,-80.523422,60002
3010006,43.461212,-80.522691,60003
3010006,43.461052,-80.522565,60004
3010006,43.460940,-80.522407,60005
3010006,43.459621,-80.520166,60006
3010006,43.459594,-80.519995,60007
3010006,43.459665,-80.519909,60008
3010006,43.460211,-80.519306,60009
3010006,43.460233,-80.519242,60010
3010006,43.460238,-80.519158,60011
3010006,43.460232,-80.519066,60012
3010006,43.460111,-80.518843,60013
3010006,43.459825,-80.518407,60014
3010006,43.459825,-80.518407,70001
3010006,43.459823,-80.518404,70002
3010006,43.459769,-80.518308,70003
3010006,43.459334,-80.517549,70004
3010006,43.459003,-80.516988,70005
3010006,43.458776,-80.516581,70006
3010006,43.458681,-80.516320,70007
3010006,43.458498,-80.515710,70008
3010006,43.458337,-80.515290,70009
3010006,43.458123,-80.514572,70010
3010006,43.457793,-80.513519,70011
3010006,43.457533,-80.512769,70012
3010006,43.457334,-80.512197,70013
3010006,43.457293,-80.512064,70014
3010006,43.457293,-80.512064,80001
3010006,43.457290,-80.512055,80002
3010006,43.456908,-80.510812,80003
3010006,43.456695,-80.510176,80004
3010006,43.456498,-80.509588,80005
3010006,43.456041,-80.508202,80006
3010006,43.455775,-80.507406,80007
3010006,43.455775,-80.507404,80008
3010006,43.455388,-80.506202,80009
3010006,43.455071,-80.505184,80010
3010006,43.454791,-80.504315,80011
3010006,43.454485,-80.503345,80012
3010006,43.454200,-80.502434,80013
3010006,43.453955,-80.501667,80014
3010006,43.453695,-80.500857,80015
3010006,43.453451,-80.500065,80016
3010006,43.453131,-80.499151,80017
3010006,43.453131,-80.499151,90001
3010006,43.453131,-80.499151,90002
3010006,43.452923,-80.498470,90003
3010006,43.452889,-80.498359,90004
3010006,43.452871,-80.498301,90005
3010006,43.452846,-80.498256,90006
3010006,43.452809,-80.498238,90007
3010006,43.452773,-80.498240,90008
3010006,43.452707,-80.498259,90009
3010006,43.452416,-80.498402,90010
3010006,43.451934,-80.498668,90011
3010006,43.451895,-80.498671,90012
3010006,43.451853,-80.498642,90013
3010006,43.451194,-80.496562,90014
3010006,43.450692,-80.495046,90015
3010006,43.450447,-80.494329,90016
3010006,43.450235,-80.493672,90017
3010006,43.450235,-80.493672,100001
3010006,43.450235,-80.493672,100002
3010006,43.449451,-80.491185,100003
3010006,43.449392,-80.491031,100004
3010006,43.449283,-80.490781,100005
3010006,43.448956,-80.490135,100006
3010006,43.448869,-80.489943,100007
3010006,43.448766,-80.489659,100008
3010006,43.448654,-80.489339,100009
3010006,43.448654,-80.489339,110001
3010006,43.448654,-80.489339,110002
3010006,43.448580,-80.489113,110003
3010006,43.448461,-80.488738,110004
3010006,43.448348,-80.488358,110005
3010006,43.448275,-80.488149,110006
3010006,43.448131,-80.487747,110007
3010006,43.447942,-80.487296,110008
3010006,43.447729,-80.486784,110009
3010006,43.447601,-80.486479,110010
3010006,43.447399,-80.485976,110011
3010006,43.447217,-80.485592,110012
3010006,43.447003,-80.485134,110013
3010006,43.446841,-80.484827,110014
3010006,43.446554,-80.484223,110015
3010006,43.446284,-80.483649,110016
3010006,43.446284,-80.483649,120001
3010006,43.446232,-80.483545,120002
3010006,43.446093,-80.483261,120003
3010006,43.445953,-80.482964,120004
3010006,43.445707,-80.482456,120005
3010006,43.445554,-80.482131,120006
3010006,43.445406,-80.481828,120007
3010006,43.445230,-80.481473,120008
3010006,43.445083,-80.481170,120009
3010006,43.444927,-80.480866,120010
3010006,43.444773,-80.480532,120011
3010006,43.444648,-80.480276,120012
3010006,43.444456,-80.479866,120013
3010006,43.444322,-80.479586,120014
3010006,43.444228,-80.479385,120015
3010006,43.444060,-80.479051,120016
3010006,43.443995,-80.478904,120017
3010006,43.443834,-80.478579,120018
3010006,43.443710,-80.478313,120019
3010006,43.443614,-80.478116,120020
3010006,43.443547,-80.477986,120021
3010006,43.443547,-80.477985,120022
3010006,43.443518,-80.477926,120023
3010006,43.443326,-80.477688,120024
3010006,43.443168,-80.477520,120025
3010006,43.443052,-80.477392,120026
3010006,43.442963,-80.477290,120027
3010006,43.442893,-80.477191,120028
3010006,43.442822,-80.477074,120029
3010006,43.442736,-80.476871,120030
3010006,43.442657,-80.476633,120031
3010006,43.442607,-80.476383,120032
3010006,43.442559,-80.476098,120033
3010006,43.442559,-80.476094,120034
3010006,43.442502,-80.475780,120035
3010006,43.442459,-80.475499,120036
3010006,43.442428,-80.475358,120037
3010006,43.442428,-80.475358,130001
3010006,43.442428,-80.475358,130002
3010006,43.442366,-80.475092,130003
3010006,43.442209,-80.474624,130004
3010006,43.442151,-80.474533,130005
3010006,43.442095,-80.474505,130006
3010006,43.442030,-80.474524,130007
3010006,43.441909,-80.474589,130008
3010006,43.441402,-80.475004,130009
3010006,43.441163,-80.475261,130010
3010006,43.440889,-80.475567,130011
3010006,43.440560,-80.475946,130012
3010006,43.440004,-80.476576,130013
3010006,43.439759,-80.476852,130014
3010006,43.439374,-80.477285,130015
3010006,43.436372,-80.480801,130016
3010006,43.436273,-80.480895,130017
3010006,43.436154,-80.480911,130018
3010006,43.436056,-80.480903,130019
3010006,43.435918,-80.480840,130020
3010006,43.433627,-80.477993,130021
3010006,43.433627,-80.477993,140001
3010006,43.433624,-80.477990,140002
3010006,43.425966,-80.468574,140003
3010006,43.425875,-80.468226,140004
3010006,43.425883,-80.467922,140005
3010006,43.426060,-80.467434,140006
3010006,43.426296,-80.466625,140007
3010006,43.426276,-80.466366,140008
3010006,43.426189,-80.466261,140009
3010006,43.426044,-80.466197,140010
3010006,43.425702,-80.466073,140011
3010006,43.425304,-80.465848,140012
3010006,43.424918,-80.465518,140013
3010006,43.424449,-80.464961,140014
3010006,43.423452,-80.463804,140015
3010006,43.422767,-80.463047,140016
3010006,43.422767,-80.463047,150001
3010006,43.422766,-80.463046,150002
3010006,43.422643,-80.462910,150003
3010006,43.422394,-80.462608,150004
3010006,43.421980,-80.462078,150005
3010006,43.421542,-80.461319,150006
3010006,43.421263,-80.460300,150007
3010006,43.421123,-80.459466,150008
3010006,43.420748,-80.458260,150009
3010006,43.420478,-80.457771,150010
3010006,43.419877,-80.456901,150011
3010006,43.419760,-80.456185,150012
3010006,43.419760,-80.456170,150013
3010006,43.419762,-80.455506,150014
3010006,43.419905,-80.453226,150015
3010006,43.420441,-80.449906,150016
3010006,43.420917,-80.447217,150017
3010006,43.421417,-80.444708,150018
3010006,43.422165,-80.442793,150019
3010006,43.422325,-80.441825,150020
3010007,43.481611,-80.545212,10001
3010007,43.481582,-80.545204,10002
3010007,43.481540,-80.545183,10003
3010007,43.480575,-80.544869,10004
3010007,43.479493,-80.544387,10005
3010007,43.477577,-80.543494,10006
3010007,43.475269,-80.542403,10007
3010007,43.473353,-80.541431,10008
3010007,43.473353,-80.541431,20001
3010007,43.473345,-80.541428,20002
3010007,43.472902,-80.540991,20003
3010007,43.472359,-80.540332,20004
3010007,43.471732,-80.539417,20005
3010007,43.471160,-80.538415,20006
3010007,43.469999,-80.536456,20007
3010007,43.468860,-80.534447,20008
3010007,43.468860,-80.534447,30001
3010007,43.468856,-80.534439,30002
3010007,43.468782,-80.534320,30003
3010007,43.468463,-80.533864,30004
3010007,43.467761,-80.532902,30005
3010007,43.467517,-80.532590,30006
3010007,43.467225,-80.532238,30007
3010007,43.466465,-80.531308,30008
3010007,43.466129,-80.530873,30009
3010007,43.466033,-80.530734,30010
3010007,43.465955,-80.530588,30011
3010007,43.465291,-80.529241,30012
3010007,43.465233,-80.529089,30013
3010007,43.465168,-80.528892,30014
3010007,43.464954,-80.528162,30015
3010007,43.464870,-80.527850,30016
3010007,43.464432,-80.525837,30017
3010007,43.464302,-80.525252,30018
3010007,43.464280,-80.525193,30019
3010007,43.464234,-80.525140,30020
3010007,43.463970,-80.524926,30021
3010007,43.463672,-80.524671,30022
3010007,43.462863,-80.524000,30023
3010007,43.462133,-80.523423,30024
3010007,43.462133,-80.523423,40001
3010007,43.462131,-80.523422,40002
3010007,43.461212,-80.522691,40003
3010007,43.461052,-80.522565,40004
3010007,43.460940,-80.522407,40005
3010007,43.459621,-80.520166,40006
3010007,43.459594,-80.519995,40007
3010007,43.459665,-80.519909,40008
3010007,43.460211,-80.519306,40009
3010007,43.460233,-80.519242,40010
3010007,43.460238,-80.519158,40011
3010007,43.460232,-80.519066,40012
3010007,43.460111,-80.518843,40013
3010007,43.459825,-80.518407,40014
3010007,43.459825,-80.518407,50001
3010007,43.459823,-80.518404,50002
3010007,43.459769,-80.518308,50003
3010007,43.459334,-80.517549,50004
3010007,43.459003,-80.516988,50005
3010007,43.458776,-80.516581,50006
3010007,43.458681,-80.516320,50007
3010007,43.458498,-80.515710,50008
3010007,43.458337,-80.515290,50009
3010007,43.458123,-80.514572,50010
3010007,43.457793,-80.513519,50011
3010007,43.457533,-80.512769,50012
3010007,43.457334,-80.512197,50013
3010007,43.457293,-80.512064,50014
3010007,43.457293,-80.512064,60001
3010007,43.457290,-80.512055,60002
3010007,43.456908,-80.510812,60003
3010007,43.456695,-80.510176,60004
3010007,43.456498,-80.509588,60005
3010007,43.456041,-80.508202,60006
3010007,43.455775,-80.507406,60007
3010007,43.455775,-80.507404,60008
3010007,43.455388,-80.506202,60009
3010007,43.455071,-80.505184,60010
3010007,43.454791,-80.504315,60011
3010007,43.454485,-80.503345,60012
3010007,43.454200,-80.502434,60013
3010007,43.453955,-80.501667,60014
3010007,43.453695,-80.500857,60015
3010007,43.453451,-80.500065,60016
3010007,43.453131,-80.499151,60017
3010007,43.453131,-80.499151,70001
3010007,43.453131,-80.499151,70002
3010007,43.452923,-80.498470,70003
3010007,43.452889,-80.498359,70004
3010007,43.452871,-80.498301,70005
3010007,43.452846,-80.498256,70006
3010007,43.452809,-80.498238,70007
3010007,43.452773,-80.498240,70008
3010007,43.452707,-80.498259,70009
3010007,43.452416,-80.498402,70010
3010007,43.451934,-80.498668,70011
3010007,43.451895,-80.498671,70012
3010007,43.451853,-80.498642,70013
3010007,43.451194,-80.496562,70014
3010007,43.450692,-80.495046,70015
3010007,43.450447,-80.494329,70016
3010007,43.450235,-80.493672,70017
3010007,43.450235,-80.493672,80001
3010007,43.450235,-80.493672,80002
3010007,43.449451,-80.491185,80003
3010007,43.449392,-80.491031,80004
3010007,43.449283,-80.490781,80005
3010007,43.448956,-80.490135,80006
3010007,43.448869,-80.489943,80007
3010007,43.448766,-80.489659,80008
3010007,43.448654,-80.489339,80009
3010007,43.448654,-80.489339,90001
3010007,43.448654,-80.489339,90002
3010007,43.448580,-80.489113,90003
3010007,43.448461,-80.488738,90004
3010007,43.448348,-80.488358,90005
3010007,43.448275,-80.488149,90006
3010007,43.448131,-80.487747,90007
3010007,43.447942,-80.487296,90008
3010007,43.447729,-80.486784,90009
3010007,43.447601,-80.486479,90010
3010007,43.447399,-80.485976,90011
3010007,43.447217,-80.485592,90012
3010007,43.447003,-80.485134,90013
3010007,43.446841,-80.484827,90014
3010007,43.446554,-80.484223,90015
3010007,43.446284,-80.483649,90016
3010007,43.446284,-80.483649,100001
3010007,43.446232,-80.483545,100002
3010007,43.446093,-80.483261,100003
3010007,43.445953,-80.482964,100004
3010007,43.445707,-80.482456,100005
3010007,43.445554,-80.482131,100006
3010007,43.445406,-80.481828,100007
3010007,43.445230,-80.481473,100008
3010007,43.445083,-80.481170,100009
3010007,43.444927,-80.480866,100010
3010007,43.444773,-80.480532,100011
3010007,43.444648,-80.480276,100012
3010007,43.444456,-80.479866,100013
3010007,43.444322,-80.479586,100014
3010007,43.444228,-80.479385,100015
3010007,43.444060,-80.479051,100016
3010007,43.443995,-80.478904,100017
3010007,43.443834,-80.478579,100018
3010007,43.443710,-80.478313,100019
3010007,43.443614,-80.478116,100020
3010007,43.443547,-80.477986,100021
3010007,43.443547,-80.477985,100022
3010007,43.443518,-80.477926,100023
3010007,43.443326,-80.477688,100024
3010007,43.443168,-80.477520,100025
3010007,43.443052,-80.477392,100026
3010007,43.442963,-80.477290,100027
3010007,43.442893,-80.477191,100028
3010007,43.442822,-80.477074,100029
3010007,43.442736,-80.476871,100030
3010007,43.442657,-80.476633,100031
3010007,43.442607,-80.476383,100032
3010007,43.442559,-80.476098,100033
3010007,43.442559,-80.476094,100034
3010007,43.442502,-80.475780,100035
3010007,43.442459,-80.475499,100036
3010007,43.442428,-80.475358,100037
3010007,43.442428,-80.475358,110001
3010007,43.442428,-80.475358,110002
3010007,43.442366,-80.475092,110003
3010007,43.442209,-80.474624,110004
3010007,43.442151,-80.474533,110005
3010007,43.442095,-80.474505,110006
3010007,43.442030,-80.474524,110007
3010007,43.441909,-80.474589,110008
3010007,43.441402,-80.475004,110009
3010007,43.441163,-80.475261,110010
3010007,43.440889,-80.475567,110011
3010007,43.440560,-80.475946,110012
3010007,43.440004,-80.476576,110013
3010007,43.439759,-80.476852,110014
3010007,43.439374,-80.477285,110015
3010007,43.436372,-80.480801,110016
3010007,43.436273,-80.480895,110017
3010007,43.436154,-80.480911,110018
3010007,43.436056,-80.480903,110019
3010007,43.435918,-80.480840,110020
3010007,43.433627,-80.477993,110021
3010007,43.433627,-80.477993,120001
3010007,43.433624,-80.477990,120002
3010007,43.425966,-80.468574,120003
3010007,43.425875,-80.468226,120004
3010007,43.425883,-80.467922,120005
3010007,43.426060,-80.467434,120006
3010007,43.426296,-80.466625,120007
3010007,43.426276,-80.466366,120008
3010007,43.426189,-80.466261,120009
3010007,43.426044,-80.466197,120010
3010007,43.425702,-80.466073,120011
3010007,43.425304,-80.465848,120012
3010007,43.424918,-80.465518,120013
3010007,43.424449,-80.464961,120014
3010007,43.423452,-80.463804,120015
3010007,43.422767,-80.463047,120016
3010007,43.422767,-80.463047,130001
3010007,43.422766,-80.463046,130002
3010007,43.422643,-80.462910,130003
3010007,43.422394,-80.462608,130004
3010007,43.421980,-80.462078,130005
3010007,43.421542,-80.461319,130006
3010007,43.421263,-80.460300,130007
3010007,43.421123,-80.459466,130008
3010007,43.420748,-80.458260,130009
3010007,43.420478,-80.457771,130010
3010007,43.419877,-80.456901,130011
3010007,43.419760,-80.456185,130012
3010007,43.419760,-80.456170,130013
3010007,43.419762,-80.455506,130014
3010007,43.419905,-80.453226,130015
3010007,43.420441,-80.449906,130016
3010007,43.420917,-80.447217,130017
3010007,43.421417,-80.444708,130018
3010007,43.422165,-80.442793,130019
3010007,43.422325,-80.441825,130020
3020008,43.422418,-80.442147,10001
3020008,43.422647,-80.440718,10002
3020008,43.422578,-80.440711,10003
3020008,43.422490,-80.440687,10004
3020008,43.422423,-80.440659,10005
3020008,43.422528,-80.440072,10006
3020008,43.422381,-80.440001,10007
3020008,43.421883,-80.439499,10008
3020008,43.421657,-80.439366,10009
3020008,43.421691,-80.439170,10010
3020008,43.421786,-80.438817,10011
3020008,43.421886,-80.438536,10012
3020008,43.421979,-80.438321,10013
3020008,43.422055,-80.438167,10014
3020008,43.422091,-80.438079,10015
3020008,43.422565,-80.437257,10016
3020008,43.422699,-80.437025,10017
3020008,43.423393,-80.435799,10018
3020008,43.423460,-80.435676,10019
3020008,43.423836,-80.435079,10020
3020008,43.424274,-80.434479,10021
3020008,43.424407,-80.434337,10022
3020008,43.424703,-80.434883,10023
3020008,43.424892,-80.435159,10024
3020008,43.424973,-80.435263,10025
3020008,43.425056,-80.435329,10026
3020008,43.425166,-80.435380,10027
3020008,43.425289,-80.435402,10028
3020008,43.425466,-80.435343,10029
3020008,43.425567,-80.435245,10030
3020008,43.425657,-80.435094,10031
3020008,43.425707,-80.434951,10032
3020008,43.425734,-80.434766,10033
3020008,43.425724,-80.434589,10034
3020008,43.425705,-80.434441,10035
3020008,43.425631,-80.434198,10036
3020008,43.425537,-80.433904,10037
3020008,43.425381,-80.433377,10038
3020008,43.425236,-80.432797,10039
3020008,43.425095,-80.432356,10040
3020008,43.424751,-80.431090,10041
3020008,43.424295,-80.429267,10042
3020008,43.424070,-80.428311,10043
3020008,43.423522,-80.426164,10044
3020008,43.423229,-80.424915,10045
3020008,43.422494,-80.422063,10046
3020008,43.422270,-80.421344,10047
3020008,43.422003,-80.420541,10048
3020008,43.421712,-80.419742,10049
3020008,43.421330,-80.418818,10050
3020008,43.420496,-80.416942,10051
3020008,43.419644,-80.415035,10052
3020008,43.419292,-80.414306,10053
3020008,43.418917,-80.413603,10054
3020008,43.418374,-80.412684,10055
3020008,43.417166,-80.410669,10056
3020008,43.416733,-80.409997,10057
3020008,43.416315,-80.409284,10058
3020008,43.415862,-80.408422,10059
3020008,43.415637,-80.407969,10060
3020008,43.415251,-80.407061,10061
3020008,43.414959,-80.406204,10062
3020008,43.414674,-80.405175,10063
3020008,43.414337,-80.403724,10064
3020008,43.413988,-80.402291,10065
3020008,43.413792,-80.401582,10066
3020008,43.413536,-80.400456,10067
3020008,43.413385,-80.399884,10068
3020008,43.413263,-80.399473,10069
3020008,43.413069,-80.398840,10070
3020008,43.412907,-80.398329,10071
3020008,43.412636,-80.397558,10072
3020008,43.412422,-80.396971,10073
3020008,43.411893,-80.395593,10074
3020008,43.411459,-80.394539,10075
3020008,43.411044,-80.393451,10076
3020008,43.410578,-80.392368,10077
3020008,43.410409,-80.391983,10078
3020008,43.410167,-80.391478,10079
3020008,43.409990,-80.391152,10080
3020008,43.409813,-80.390929,10081
3020008,43.409601,-80.390794,10082
3020008,43.409403,-80.390771,10083
3020008,43.409198,-80.390875,10084
3020008,43.409074,-80.391037,10085
3020008,43.409004,-80.391211,10086
3020008,43.408980,-80.391417,10087
3020008,43.409000,-80.391619,10088
3020008,43.409087,-80.391876,10089
3020008,43.409320,-80.392532,10090
3020008,43.409267,-80.392575,10091
3020008,43.409672,-80.393595,10092
3020008,43.409857,-80.393462,10093
3020008,43.410034,-80.393444,10094
3020008,43.410298,-80.393224,10095
3020019,43.357660,-80.313543,10001
3020019,43.357831,-80.313514,10002
3020019,43.357873,-80.313722,10003
3020019,43.358553,-80.313637,10004
3020019,43.358695,-80.313614,10005
3020019,43.358859,-80.313596,10006
3020019,43.358915,-80.313593,10007
3020019,43.359904,-80.313556,10008
3020019,43.360921,-80.313541,10009
3020019,43.361570,-80.313514,10010
3020019,43.361649,-80.313518,10011
3020019,43.361726,-80.313532,10012
3020019,43.361803,-80.313556,10013
3020019,43.361877,-80.313588,10014
3020019,43.361949,-80.313631,10015
3020019,43.362025,-80.313689,10016
3020019,43.362325,-80.313910,10017
3020019,43.362394,-80.313958,10018
3020019,43.362466,-80.313995,10019
3020019,43.362540,-80.314024,10020
3020019,43.362616,-80.314043,10021
3020019,43.362647,-80.314047,10022
3020019,43.363310,-80.314104,10023
3020019,43.363310,-80.314104,20001
3020019,43.363382,-80.314111,20002
3020019,43.364488,-80.314231,20003
3020019,43.364488,-80.314231,30001
3020019,43.364605,-80.314244,30002
3020019,43.364979,-80.314299,30003
3020019,43.365044,-80.314318,30004
3020019,43.365125,-80.314350,30005
3020019,43.365204,-80.314394,30006
3020019,43.365280,-80.314445,30007
3020019,43.365354,-80.314506,30008
3020019,43.365422,-80.314574,30009
3020019,43.365487,-80.314651,30010
3020019,43.365547,-80.314734,30011
3020019,43.365556,-80.314749,30012
3020019,43.365806,-80.315088,30013
3020019,43.365806,-80.315088,40001
3020019,43.366167,-80.315575,40002
3020019,43.366262,-80.315679,40003
3020019,43.366362,-80.315775,40004
3020019,43.366465,-80.315863,40005
3020019,43.366514,-80.315901,40006
3020019,43.367440,-80.316537,40007
3020019,43.367543,-80.316598,40008
3020019,43.367608,-80.316633,40009
3020019,43.367694,-80.316676,40010
3020019,43.367826,-80.316734,40011
3020019,43.367960,-80.316782,40012
3020019,43.368082,-80.316816,40013
3020019,43.368082,-80.316816,50001
3020019,43.368096,-80.316820,50002
3020019,43.368207,-80.316843,50003
3020019,43.368970,-80.317027,50004
3020019,43.369205,-80.317111,50005
3020019,43.369205,-80.317111,60001
3020019,43.369343,-80.317160,60002
3020019,43.369596,-80.317260,60003
3020019,43.369895,-80.317366,60004
3020019,43.369895,-80.317366,70001
3020019,43.369995,-80.317402,70002
3020019,43.371165,-80.317848,70003
3020019,43.371930,-80.318139,70004
3020019,43.372122,-80.318206,70005
3020019,43.372122,-80.318206,80001
3020019,43.372706,-80.318410,80002
3020019,43.372809,-80.318437,80003
3020019,43.372809,-80.318437,90001
3020019,43.373006,-80.318489,90002
3020019,43.373006,-80.318489,100001
3020019,43.373397,-80.318592,100002
3020019,43.373516,-80.318613,100003
3020019,43.373670,-80.318631,100004
3020019,43.373823,-80.318639,100005
3020019,43.373976,-80.318637,100006
3020019,43.374129,-80.318626,100007
3020019,43.374182,-80.318619,100008
3020019,43.375581,-80.318490,100009
3020019,43.375685,-80.318486,100010
3020019,43.375828,-80.318490,100011
3020019,43.375972,-80.318503,100012
3020019,43.376070,-80.318519,100013
3020019,43.376070,-80.318519,110001
3020019,43.376115,-80.318526,110002
3020019,43.376205,-80.318546,110003
3020019,43.376943,-80.318729,110004
3020019,43.376943,-80.318729,120001
3020019,43.377068,-80.318760,120002
3020019,43.379451,-80.319346,120003
3020019,43.380387,-80.319573,120004
3020019,43.380971,-80.319720,120005
3020019,43.380971,-80.319720,130001
3020019,43.382145,-80.320015,130002
3020019,43.382622,-80.320134,130003
3020019,43.382622,-80.320134,140001
3020019,43.382727,-80.320160,140002
3020019,43.384483,-80.320649,140003
3020019,43.384483,-80.320649,150001
3020019,43.385720,-80.320995,150002
3020019,43.385720,-80.320995,160001
3020019,43.385875,-80.321038,160002
3020019,43.386495,-80.321233,160003
3020019,43.386495,-80.321233,170001
3020019,43.389219,-80.322093,170002
3020019,43.389219,-80.322093,180001
3020019,43.390502,-80.322497,180002
3020019,43.390502,-80.322497,190001
3020019,43.390671,-80.322551,190002
3020019,43.391593,-80.322833,190003
3020019,43.391593,-80.322833,200001
3020019,43.392203,-80.323020,200002
3020019,43.392203,-80.323020,210001
3020019,43.392340,-80.323062,210002
3020019,43.392683,-80.323168,210003
3020019,43.392683,-80.323168,220001
3020019,43.392683,-80.323168,220002
3020019,43.392683,-80.323168,230001
3020019,43.392829,-80.323213,230002
3020019,43.393513,-80.323423,230003
3020019,43.394497,-80.323727,230004
3020019,43.394497,-80.323727,240001
3020019,43.395183,-80.323938,240002
3020019,43.395183,-80.323938,250001
3020019,43.395301,-80.323975,250002
3020019,43.396996,-80.324509,250003
3020019,43.396996,-80.324509,260001
3020019,43.397920,-80.324802,260002
3020019,43.397920,-80.324802,270001
3020019,43.398057,-80.324845,270002
3020019,43.400106,-80.325517,270003
3020019,43.400106,-80.325517,280001
3020019,43.401581,-80.326001,280002
3020019,43.401581,-80.326001,290001
3020019,43.401705,-80.326041,290002
3020019,43.402409,-80.326274,290003
3020019,43.402409,-80.326274,300001
3020019,43.402954,-80.326454,300002
3020019,43.402954,-80.326454,310001
3020019,43.403063,-80.326490,310002
3020019,43.403945,-80.326772,310003
3020019,43.403945,-80.326772,320001
3020019,43.404673,-80.327006,320002
3020019,43.404673,-80.327006,330001
3020019,43.404763,-80.327035,330002
3020019,43.406609,-80.327645,330003
3020019,43.406609,-80.327645,340001
3020019,43.407718,-80.328010,340002
3020019,43.407718,-80.328010,350001
3020019,43.407793,-80.328035,350002
3020019,43.407793,-80.328035,360001
3020019,43.408034,-80.328114,360002
3020019,43.408075,-80.328128,360003
3020019,43.408146,-80.328150,360004
3020019,43.408146,-80.328150,370001
3020019,43.408310,-80.328200,370002
3020019,43.408546,-80.328262,370003
3020019,43.408783,-80.328313,370004
3020019,43.409021,-80.328355,370005
3020019,43.409261,-80.328387,370006
3020019,43.409500,-80.328409,370007
3020019,43.409740,-80.328421,370008
3020019,43.409980,-80.328424,370009
3020019,43.410221,-80.328416,370010
3020019,43.410460,-80.328399,370011
3020019,43.410634,-80.328379,370012
3020019,43.411932,-80.328133,370013
3020019,43.412412,-80.328055,370014
3020019,43.412927,-80.327985,370015
3020019,43.413543,-80.327972,370016
3020019,43.414178,-80.327942,370017
3020019,43.414730,-80.327763,370018
3020019,43.414822,-80.327757,370019
3020019,43.414917,-80.327742,370020
3020019,43.415010,-80.327715,370021
3020019,43.415103,-80.327679,370022
3020019,43.415194,-80.327634,370023
3020019,43.415281,-80.327578,370024
3020019,43.415341,-80.327534,370025
3020019,43.415393,-80.327482,370026
3020019,43.415445,-80.327417,370027
3020019,43.415493,-80.327346,370028
3020019,43.415535,-80.327268,370029
3020019,43.415570,-80.327185,370030
3020019,43.415600,-80.327098,370031
3020019,43.415622,-80.327006,370032
3020019,43.415638,-80.326912,370033
3020019,43.415646,-80.326826,370034
3020019,43.415647,-80.326791,370035
3020019,43.415645,-80.326696,370036
3020019,43.415635,-80.326602,370037
3020019,43.415617,-80.326510,370038
3020019,43.415594,-80.326420,370039
3020019,43.415563,-80.326335,370040
3020019,43.415526,-80.326255,370041
3020019,43.415482,-80.326180,370042
3020019,43.415433,-80.326113,370043
3020019,43.415380,-80.326053,370044
3020019,43.415322,-80.326000,370045
3020019,43.415259,-80.325958,370046
3020019,43.415204,-80.325928,370047
3020019,43.415141,-80.325906,370048
3020019,43.415071,-80.325892,370049
3020019,43.415001,-80.325888,370050
3020019,43.414930,-80.325894,370051
3020019,43.414861,-80.325909,370052
3020019,43.414794,-80.325935,370053
3020019,43.414728,-80.325969,370054
3020019,43.414665,-80.326013,370055
3020019,43.414606,-80.326065,370056
3020019,43.414552,-80.326126,370057
3020019,43.414502,-80.326194,370058
3020019,43.414485,-80.326221,370059
3020019,43.414442,-80.326310,370060
3020019,43.414397,-80.326423,370061
3020019,43.414358,-80.326541,370062
3020019,43.414326,-80.326662,370063
3020019,43.414302,-80.326786,370064
3020019,43.414284,-80.326915,370065
3020019,43.414223,-80.327422,370066
3020019,43.414119,-80.328421,370067
3020019,43.413919,-80.335516,370068
3020019,43.413590,-80.352445,370069
3020019,43.413578,-80.352802,370070
3020019,43.413558,-80.353159,370071
3020019,43.413530,-80.353515,370072
3020019,43.413496,-80.353870,370073
3020019,43.413444,-80.354314,370074
3020019,43.413399,-80.354631,370075
3020019,43.413347,-80.354945,370076
3020019,43.413287,-80.355257,370077
3020019,43.413221,-80.355567,370078
3020019,43.413148,-80.355874,370079
3020019,43.413069,-80.356177,370080
3020019,43.412982,-80.356477,370081
3020019,43.412906,-80.356727,370082
3020019,43.412808,-80.357027,370083
3020019,43.412704,-80.357322,370084
3020019,43.412593,-80.357614,370085
3020019,43.412475,-80.357901,370086
3020019,43.412322,-80.358250,370087
3020019,43.412230,-80.358446,370088
3020019,43.412099,-80.358713,370089
3020019,43.411963,-80.358974,370090
3020019,43.411820,-80.359228,370091
3020019,43.407166,-80.367120,370092
3020019,43.406996,-80.367438,370093
3020019,43.406737,-80.367938,370094
3020019,43.406619,-80.368172,370095
3020019,43.406221,-80.369313,370096
3020019,43.405244,-80.371998,370097
3020019,43.404832,-80.373184,370098
3020019,43.404370,-80.374687,370099
3020019,43.404302,-80.374917,370100
3020019,43.404232,-80.375143,370101
3020019,43.404166,-80.375378,370102
3020019,43.404107,-80.375617,370103
3020019,43.404055,-80.375858,370104
3020019,43.404009,-80.376103,370105
3020019,43.403972,-80.376349,370106
3020019,43.403950,-80.376513,370107
3020019,43.403944,-80.376587,370108
3020019,43.403929,-80.376814,370109
3020019,43.403921,-80.377041,370110
3020019,43.403920,-80.377269,370111
3020019,43.403927,-80.377496,370112
3020019,43.403941,-80.377723,370113
3020019,43.403962,-80.377949,370114
3020019,43.403991,-80.378173,370115
3020019,43.404026,-80.378395,370116
3020019,43.404047,-80.378509,370117
3020019,43.404093,-80.378702,370118
3020019,43.404151,-80.378919,370119
3020019,43.404216,-80.379133,370120
3020019,43.404287,-80.379343,370121
3020019,43.404318,-80.379423,370122
3020019,43.404436,-80.379700,370123
3020019,43.404581,-80.380005,370124
3020019,43.404819,-80.380415,370125
3020019,43.407298,-80.384333,370126
3020019,43.407890,-80.385293,370127
3020019,43.408079,-80.385628,370128
3020019,43.408471,-80.386379,370129
3020019,43.408761,-80.387010,370130
3020019,43.408999,-80.387614,370131
3020019,43.409763,-80.389480,370132
3020019,43.410231,-80.390622,370133
3020019,43.410506,-80.391278,370134
3020019,43.410744,-80.391838,370135
3020019,43.410971,-80.392305,370136
3020019,43.411116,-80.392545,370137
3020019,43.411258,-80.392696,370138
3020019,43.411409,-80.392792,370139
3020019,43.411560,-80.392822,370140
3020019,43.411756,-80.392788,370141
3020019,43.411876,-80.392697,370142
3020019,43.411946,-80.392618,370143
3020019,43.412006,-80.392514,370144
3020019,43.412070,-80.392375,370145
3020019,43.412099,-80.392229,370146
3020019,43.412115,-80.392087,370147
3020019,43.412105,-80.391963,370148
3020019,43.412086,-80.391850,370149
3020019,43.412054,-80.391734,370150
3020019,43.412001,-80.391629,370151
3020019,43.411942,-80.391540,370152
3020019,43.411821,-80.391430,370153
3020019,43.411696,-80.391360,370154
3020019,43.411569,-80.391335,370155
3020019,43.411418,-80.391354,370156
3020019,43.411259,-80.391415,370157
3020019,43.410212,-80.391892,370158
3020019,43.409621,-80.392327,370159
3020019,43.409320,-80.392532,370160
3020019,43.409267,-80.392575,370161
3020019,43.409672,-80.393595,370162
3020019,43.409857,-80.393462,370163
3020019,43.410034,-80.393444,370164
3020019,43.410061,-80.393422,370165
3020019,43.410061,-80.393422,380001
3020019,43.410450,-80.393098,380002
3020019,43.410189,-80.392346,380003
3020019,43.409589,-80.392769,380004
3020019,43.409857,-80.393462,380005
3020019,43.409672,-80.393595,380006
3020019,43.409267,-80.392575,380007
3020019,43.409320,-80.392532,380008
3020019,43.409621,-80.392327,380009
3020019,43.410212,-80.391892,380010
3020019,43.410791,-80.391468,380011
3020019,43.411775,-80.390785,380012
3020019,43.411895,-80.390913,380013
3020019,43.412111,-80.391457,380014
3020019,43.412218,-80.391763,380015
3020019,43.412258,-80.391984,380016
3020019,43.412253,-80.392218,380017
3020019,43.412220,-80.392474,380018
3020019,43.412132,-80.392825,380019
3020019,43.411956,-80.393562,380020
3020019,43.411920,-80.393893,380021
3020019,43.411920,-80.394185,380022
3020019,43.411931,-80.394448,380023
3020019,43.411971,-80.394724,380024
3020019,43.412040,-80.395012,380025
3020019,43.412135,-80.395313,380026
3020019,43.412767,-80.397161,380027
3020019,43.412948,-80.397665,380028
3020019,43.413271,-80.398600,380029
3020019,43.413461,-80.399209,380030
3020019,43.413694,-80.400032,380031
3020019,43.413921,-80.400960,380032
3020019,43.414235,-80.402203,380033
3020019,43.414619,-80.403835,380034
3020019,43.414995,-80.405350,380035
3020019,43.415100,-80.405742,380036
3020019,43.415303,-80.406356,380037
3020019,43.415626,-80.407277,380038
3020019,43.416014,-80.408223,380039
3020019,43.416452,-80.409128,380040
3020019,43.416644,-80.409471,380041
3020019,43.418229,-80.412122,380042
3020019,43.418704,-80.412926,380043
3020019,43.418968,-80.413402,380044
3020019,43.419146,-80.413754,380045
3020019,43.419512,-80.414485,380046
3020019,43.420834,-80.417466,380047
3020019,43.421111,-80.418078,380048
3020019,43.421395,-80.418714,380049
3020019,43.421671,-80.419343,380050
3020019,43.421856,-80.419786,380051
3020019,43.422220,-80.420767,380052
3020019,43.422423,-80.421380,380053
3020019,43.422614,-80.421981,380054
3020019,43.422798,-80.422644,380055
3020019,43.423436,-80.425104,380056
3020019,43.423673,-80.426000,380057
3020019,43.423923,-80.426980,380058
3020019,43.424775,-80.430369,380059
3020019,43.425018,-80.431359,380060
3020019,43.425236,-80.432136,380061
3020019,43.425355,-80.432538,380062
3020019,43.425500,-80.432965,380063
3020019,43.425728,-80.433548,380064
3020019,43.425995,-80.434144,380065
3020019,43.426238,-80.434618,380066
3020019,43.426561,-80.435178,380067
3020019,43.427061,-80.435908,380068
3020019,43.427383,-80.436338,380069
3020019,43.427861,-80.436845,380070
3020019,43.428175,-80.437069,380071
3020019,43.428462,-80.437263,380072
3020019,43.428692,-80.437410,380073
3020019,43.428907,-80.437476,380074
3020019,43.429065,-80.437464,380075
3020019,43.429282,-80.437383,380076
3020019,43.429514,-80.437261,380077
3020019,43.429683,-80.437157,380078
3020019,43.429756,-80.437065,380079
3020019,43.429818,-80.436953,380080
3020019,43.429850,-80.436861,380081
3020019,43.429852,-80.436716,380082
3020019,43.429834,-80.436418,380083
3020019,43.429243,-80.434593,380084
3020019,43.429128,-80.434220,380085
3020019,43.428878,-80.433407,380086
3020019,43.428485,-80.432195,380087
3020019,43.427680,-80.432683,380088
3020019,43.427202,-80.432911,380089
3020019,43.426690,-80.433021,380090
3020019,43.426405,-80.433096,380091
3020019,43.426139,-80.433184,380092
3020019,43.425938,-80.433276,380093
3020019,43.425322,-80.433616,380094
3020019,43.425069,-80.433792,380095
3020019,43.424511,-80.434246,380096
3020019,43.424407,-80.434337,380097
3020019,43.424274,-80.434479,380098
3020019,43.423836,-80.435079,380099
3020019,43.423460,-80.435676,380100
3020019,43.423393,-80.435799,380101
3020019,43.422699,-80.437025,380102
3020019,43.422565,-80.437257,380103
3020019,43.422091,-80.438079,380104
3020019,43.422055,-80.438167,380105
3020019,43.421979,-80.438321,380106
3020019,43.421886,-80.438536,380107
3020019,43.421786,-80.438817,380108
3020019,43.421691,-80.439170,380109
3020019,43.421657,-80.439366,380110
3020019,43.421883,-80.439499,380111
3020019,43.422381,-80.440001,380112
3020019,43.422528,-80.440072,380113
3020019,43.422423,-80.440659,380114
3020019,43.422226,-80.441816,380115
3020019,43.422142,-80.442312,380116
3020019,43.422381,-80.442375,380117
3020019,43.422418,-80.442147,380118
3020020,43.422418,-80.442147,10001
3020020,43.422647,-80.440718,10002
3020020,43.422578,-80.440711,10003
3020020,43.422490,-80.440687,10004
3020020,43.422423,-80.440659,10005
3020020,43.422528,-80.440072,10006
3020020,43.422381,-80.440001,10007
3020020,43.421883,-80.439499,10008
3020020,43.421657,-80.439366,10009
3020020,43.421691,-80.439170,10010
3020020,43.421786,-80.438817,10011
3020020,43.421886,-80.438536,10012
3020020,43.421979,-80.438321,10013
3020020,43.422055,-80.438167,10014
3020020,43.422091,-80.438079,10015
3020020,43.422565,-80.437257,10016
3020020,43.422699,-80.437025,10017
3020020,43.423393,-80.435799,10018
3020020,43.423460,-80.435676,10019
3020020,43.423836,-80.435079,10020
3020020,43.424274,-80.434479,10021
3020020,43.424407,-80.434337,10022
3020020,43.424703,-80.434883,10023
3020020,43.424892,-80.435159,10024
3020020,43.424973,-80.435263,10025
3020020,43.425056,-80.435329,10026
3020020,43.425166,-80.435380,10027
3020020,43.425289,-80.435402,10028
3020020,43.425466,-80.435343,10029
3020020,43.425567,-80.435245,10030
3020020,43.425657,-80.435094,10031
3020020,43.425707,-80.434951,10032
3020020,43.425734,-80.434766,10033
3020020,43.425724,-80.434589,10034
3020020,43.425705,-80.434441,10035
3020020,43.425631,-80.434198,10036
3020020,43.425537,-80.433904,10037
3020020,43.425381,-80.433377,10038
3020020,43.425236,-80.432797,10039
3020020,43.425095,-80.432356,10040
3020020,43.424751,-80.431090,10041
3020020,43.424295,-80.429267,10042
3020020,43.424070,-80.428311,10043
3020020,43.423522,-80.426164,10044
3020020,43.423229,-80.424915,10045
3020020,43.422494,-80.422063,10046
3020020,43.422270,-80.421344,10047
3020020,43.422003,-80.420541,10048
3020020,43.421712,-80.419742,10049
3020020,43.421330,-80.418818,10050
3020020,43.420496,-80.416942,10051
3020020,43.419644,-80.415035,10052
3020020,43.419292,-80.414306,10053
3020020,43.418917,-80.413603,10054
3020020,43.418374,-80.412684,10055
3020020,43.417166,-80.410669,10056
3020020,43.416733,-80.409997,10057
3020020,43.416315,-80.409284,10058
3020020,43.415862,-80.408422,10059
3020020,43.415637,-80.407969,10060
3020020,43.415251,-80.407061,10061
3020020,43.414959,-80.406204,10062
3020020,43.414674,-80.405175,10063
3020020,43.414337,-80.403724,10064
3020020,43.413988,-80.402291,10065
3020020,43.413792,-80.401582,10066
3020020,43.413536,-80.400456,10067
3020020,43.413385,-80.399884,10068
3020020,43.413263,-80.399473,10069
3020020,43.413069,-80.398840,10070
3020020,43.412907,-80.398329,10071
3020020,43.412636,-80.397558,10072
3020020,43.412422,-80.396971,10073
3020020,43.411893,-80.395593,10074
3020020,43.411459,-80.394539,10075
3020020,43.411044,-80.393451,10076
3020020,43.410578,-80.392368,10077
3020020,43.410409,-80.391983,10078
3020020,43.410167,-80.391478,10079
3020020,43.409990,-80.391152,10080
3020020,43.409813,-80.390929,10081
3020020,43.409601,-80.390794,10082
3020020,43.409403,-80.390771,10083
3020020,43.409198,-80.390875,10084
3020020,43.409074,-80.391037,10085
3020020,43.409004,-80.391211,10086
3020020,43.408980,-80.391417,10087
3020020,43.409000,-80.391619,10088
3020020,43.409087,-80.391876,10089
3020020,43.409320,-80.392532,10090
3020020,43.409267,-80.392575,10091
3020020,43.409672,-80.393595,10092
3020020,43.409857,-80.393462,10093
3020020,43.410034,-80.393444,10094
3020020,43.410298,-80.393224,10095
3020020,43.410298,-80.393224,20001
3020020,43.410450,-80.393098,20002
3020020,43.410189,-80.392346,20003
3020020,43.409589,-80.392769,20004
3020020,43.409857,-80.393462,20005
3020020,43.409672,-80.393595,20006
3020020,43.409267,-80.392575,20007
3020020,43.409200,-80.392626,20008
3020020,43.408933,-80.391840,20009
3020020,43.408861,-80.391555,20010
3020020,43.408863,-80.391272,20011
3020020,43.408926,-80.390932,20012
3020020,43.409063,-80.390348,20013
3020020,43.409120,-80.389950,20014
3020020,43.409136,-80.389529,20015
3020020,43.409106,-80.389092,20016
3020020,43.409049,-80.388749,20017
3020020,43.408891,-80.388178,20018
3020020,43.408534,-80.387210,20019
3020020,43.408237,-80.386526,20020
3020020,43.407855,-80.385713,20021
3020020,43.407583,-80.385254,20022
3020020,43.407006,-80.384323,20023
3020020,43.406458,-80.383429,20024
3020020,43.404448,-80.380253,20025
3020020,43.404073,-80.379646,20026
3020020,43.403821,-80.379223,20027
3020020,43.403671,-80.378910,20028
3020020,43.403643,-80.378851,20029
3020020,43.403565,-80.378663,20030
3020020,43.403492,-80.378470,20031
3020020,43.403425,-80.378272,20032
3020020,43.403365,-80.378070,20033
3020020,43.403313,-80.377865,20034
3020020,43.403267,-80.377657,20035
3020020,43.403228,-80.377446,20036
3020020,43.403183,-80.377129,20037
3020020,43.403164,-80.376938,20038
3020020,43.403147,-80.376714,20039
3020020,43.403139,-80.376488,20040
3020020,43.403138,-80.376263,20041
3020020,43.403158,-80.375812,20042
3020020,43.403178,-80.375588,20043
3020020,43.403206,-80.375366,20044
3020020,43.403241,-80.375145,20045
3020020,43.403283,-80.374926,20046
3020020,43.403317,-80.374773,20047
3020020,43.403370,-80.374570,20048
3020020,43.403428,-80.374370,20049
3020020,43.403494,-80.374175,20050
3020020,43.403566,-80.373984,20051
3020020,43.403645,-80.373798,20052
3020020,43.403703,-80.373671,20053
3020020,43.403827,-80.373413,20054
3020020,43.403959,-80.373160,20055
3020020,43.404095,-80.372912,20056
3020020,43.404481,-80.372265,20057
3020020,43.404692,-80.371891,20058
3020020,43.404769,-80.371735,20059
3020020,43.404887,-80.371478,20060
3020020,43.404999,-80.371217,20061
3020020,43.405106,-80.370952,20062
3020020,43.405286,-80.370447,20063
3020020,43.405433,-80.370048,20064
3020020,43.405587,-80.369653,20065
3020020,43.405747,-80.369262,20066
3020020,43.405833,-80.369061,20067
3020020,43.405977,-80.368740,20068
3020020,43.406127,-80.368423,20069
3020020,43.406283,-80.368111,20070
3020020,43.406445,-80.367807,20071
3020020,43.406613,-80.367508,20072
3020020,43.406756,-80.367265,20073
3020020,43.406817,-80.367154,20074
3020020,43.406915,-80.366990,20075
3020020,43.407016,-80.366833,20076
3020020,43.407124,-80.366684,20077
3020020,43.407237,-80.366540,20078
3020020,43.407354,-80.366405,20079
3020020,43.407378,-80.366380,20080
3020020,43.411595,-80.359241,20081
3020020,43.411699,-80.359062,20082
3020020,43.411851,-80.358783,20083
3020020,43.411999,-80.358496,20084
3020020,43.412139,-80.358205,20085
3020020,43.412275,-80.357909,20086
3020020,43.412446,-80.357504,20087
3020020,43.412530,-80.357282,20088
3020020,43.412638,-80.356976,20089
3020020,43.412740,-80.356666,20090
3020020,43.412835,-80.356351,20091
3020020,43.412924,-80.356033,20092
3020020,43.413005,-80.355712,20093
3020020,43.413094,-80.355327,20094
3020020,43.413172,-80.354921,20095
3020020,43.413228,-80.354593,20096
3020020,43.413276,-80.354263,20097
3020020,43.413317,-80.353930,20098
3020020,43.413351,-80.353596,20099
3020020,43.413378,-80.353260,20100
3020020,43.413397,-80.352941,20101
3020020,43.413485,-80.349114,20102
3020020,43.413687,-80.338721,20103
3020020,43.413785,-80.334272,20104
3020020,43.413775,-80.333962,20105
3020020,43.413712,-80.332215,20106
3020020,43.413692,-80.331672,20107
3020020,43.413681,-80.331483,20108
3020020,43.413664,-80.331295,20109
3020020,43.413639,-80.331108,20110
3020020,43.413608,-80.330924,20111
3020020,43.413569,-80.330742,20112
3020020,43.413550,-80.330672,20113
3020020,43.413498,-80.330504,20114
3020020,43.413439,-80.330341,20115
3020020,43.413374,-80.330182,20116
3020020,43.413303,-80.330030,20117
3020020,43.413226,-80.329881,20118
3020020,43.413142,-80.329739,20119
3020020,43.413081,-80.329644,20120
3020020,43.413034,-80.329583,20121
3020020,43.412974,-80.329491,20122
3020020,43.412920,-80.329392,20123
3020020,43.412870,-80.329288,20124
3020020,43.412828,-80.329179,20125
3020020,43.412803,-80.329101,20126
3020020,43.412790,-80.329079,20127
3020020,43.412752,-80.328998,20128
3020020,43.412719,-80.328913,20129
3020020,43.412693,-80.328823,20130
3020020,43.412674,-80.328730,20131
3020020,43.412669,-80.328690,20132
3020020,43.412652,-80.328620,20133
3020020,43.412629,-80.328552,20134
3020020,43.412599,-80.328490,20135
3020020,43.412564,-80.328433,20136
3020020,43.412523,-80.328383,20137
3020020,43.412479,-80.328342,20138
3020020,43.412430,-80.328309,20139
3020020,43.412378,-80.328285,20140
3020020,43.412324,-80.328270,20141
3020020,43.412294,-80.328267,20142
3020020,43.412172,-80.328235,20143
3020020,43.412065,-80.328197,20144
3020020,43.411961,-80.328149,20145
3020020,43.411932,-80.328133,20146
3020020,43.410634,-80.328379,20147
3020020,43.410460,-80.328399,20148
3020020,43.410221,-80.328416,20149
3020020,43.409980,-80.328424,20150
3020020,43.409740,-80.328421,20151
3020020,43.409500,-80.328409,20152
3020020,43.409296,-80.328390,20153
3020020,43.409296,-80.328390,30001
3020020,43.409261,-80.328387,30002
3020020,43.409021,-80.328355,30003
3020020,43.408783,-80.328313,30004
3020020,43.408546,-80.328262,30005
3020020,43.408310,-80.328200,30006
3020020,43.408190,-80.328163,30007
3020020,43.408190,-80.328163,40001
3020020,43.408075,-80.328128,40002
3020020,43.408034,-80.328114,40003
3020020,43.407626,-80.327979,40004
3020020,43.407626,-80.327979,50001
3020020,43.405656,-80.327330,50002
3020020,43.405656,-80.327330,60001
3020020,43.404867,-80.327070,60002
3020020,43.404867,-80.327070,70001
3020020,43.404763,-80.327035,70002
3020020,43.403845,-80.326740,70003
3020020,43.403845,-80.326740,80001
3020020,43.403153,-80.326518,80002
3020020,43.403153,-80.326518,90001
3020020,43.403063,-80.326490,90002
3020020,43.402609,-80.326340,90003
3020020,43.402609,-80.326340,100001
3020020,43.401820,-80.326080,100002
3020020,43.401820,-80.326080,110001
3020020,43.401705,-80.326041,110002
3020020,43.399394,-80.325283,110003
3020020,43.399394,-80.325283,120001
3020020,43.398187,-80.324888,120002
3020020,43.398187,-80.324888,130001
3020020,43.398057,-80.324845,130002
3020020,43.396124,-80.324235,130003
3020020,43.396124,-80.324235,140001
3020020,43.395426,-80.324014,140002
3020020,43.395426,-80.324014,150001
3020020,43.395301,-80.323975,150002
3020020,43.393513,-80.323423,150003
3020020,43.393651,-80.322676,150004
3020020,43.393676,-80.322453,150005
3020020,43.392988,-80.322256,150006
3020020,43.392632,-80.322155,150007
3020020,43.392632,-80.322155,160001
3020020,43.392632,-80.322155,160002
3020020,43.392632,-80.322155,170001
3020020,43.392472,-80.322109,170002
3020020,43.392340,-80.323062,170003
3020020,43.391654,-80.322852,170004
3020020,43.391654,-80.322852,180001
3020020,43.390784,-80.322585,180002
3020020,43.390784,-80.322585,190001
3020020,43.390671,-80.322551,190002
3020020,43.387952,-80.321694,190003
3020020,43.387952,-80.321694,200001
3020020,43.386021,-80.321084,200002
3020020,43.386021,-80.321084,210001
3020020,43.385875,-80.321038,210002
3020020,43.385285,-80.320874,210003
3020020,43.385285,-80.320874,220001
3020020,43.384926,-80.320773,220002
3020020,43.384926,-80.320773,230001
3020020,43.382892,-80.320207,230002
3020020,43.382892,-80.320207,240001
3020020,43.382727,-80.320160,240002
3020020,43.382606,-80.320130,240003
3020020,43.382606,-80.320130,250001
3020020,43.382145,-80.320015,250002
3020020,43.380387,-80.319573,250003
3020020,43.379451,-80.319346,250004
3020020,43.378414,-80.319091,250005
3020020,43.378414,-80.319091,260001
3020020,43.377174,-80.318786,260002
3020020,43.377174,-80.318786,270001
3020020,43.377068,-80.318760,270002
3020020,43.376205,-80.318546,270003
3020020,43.376115,-80.318526,270004
3020020,43.375972,-80.318503,270005
3020020,43.375828,-80.318490,270006
3020020,43.375685,-80.318486,270007
3020020,43.375581,-80.318490,270008
3020020,43.374536,-80.318587,270009
3020020,43.374536,-80.318587,280001
3020020,43.374182,-80.318619,280002
3020020,43.374129,-80.318626,280003
3020020,43.373976,-80.318637,280004
3020020,43.373823,-80.318639,280005
3020020,43.373728,-80.318634,280006
3020020,43.373728,-80.318634,290001
3020020,43.373670,-80.318631,290002
3020020,43.373653,-80.318629,290003
3020020,43.373653,-80.318629,300001
3020020,43.373516,-80.318613,300002
3020020,43.373397,-80.318592,300003
3020020,43.373371,-80.318585,300004
3020020,43.373371,-80.318585,310001
3020020,43.372706,-80.318410,310002
3020020,43.371930,-80.318139,310003
3020020,43.371417,-80.317944,310004
3020020,43.371417,-80.317944,320001
3020020,43.371165,-80.317848,320002
3020020,43.370090,-80.317438,320003
3020020,43.370090,-80.317438,330001
3020020,43.370047,-80.317422,330002
3020020,43.370047,-80.317422,340001
3020020,43.369995,-80.317402,340002
3020020,43.369596,-80.317260,340003
3020020,43.369343,-80.317160,340004
3020020,43.368970,-80.317027,340005
3020020,43.368304,-80.316867,340006
3020020,43.368304,-80.316867,350001
3020020,43.368207,-80.316843,350002
3020020,43.368096,-80.316820,350003
3020020,43.367960,-80.316782,350004
3020020,43.367826,-80.316734,350005
3020020,43.367694,-80.316676,350006
3020020,43.367608,-80.316633,350007
3020020,43.367543,-80.316598,350008
3020020,43.367440,-80.316537,350009
3020020,43.366514,-80.315901,350010
3020020,43.366465,-80.315863,350011
3020020,43.366362,-80.315775,350012
3020020,43.366262,-80.315679,350013
3020020,43.366167,-80.315575,350014
3020020,43.365558,-80.314751,350015
3020020,43.365558,-80.314751,360001
3020020,43.365556,-80.314749,360002
3020020,43.365547,-80.314734,360003
3020020,43.365487,-80.314651,360004
3020020,43.365422,-80.314574,360005
3020020,43.365354,-80.314506,360006
3020020,43.365280,-80.314445,360007
3020020,43.365204,-80.314394,360008
3020020,43.365125,-80.314350,360009
3020020,43.365044,-80.314318,360010
3020020,43.364979,-80.314299,360011
3020020,43.364766,-80.314268,360012
3020020,43.364766,-80.314268,370001
3020020,43.364605,-80.314244,370002
3020020,43.363382,-80.314111,370003
3020020,43.362647,-80.314047,370004
3020020,43.362616,-80.314043,370005
3020020,43.362540,-80.314024,370006
3020020,43.362466,-80.313995,370007
3020020,43.362394,-80.313958,370008
3020020,43.362325,-80.313910,370009
3020020,43.362025,-80.313689,370010
3020020,43.361949,-80.313631,370011
3020020,43.361877,-80.313588,370012
3020020,43.361803,-80.313556,370013
3020020,43.361726,-80.313532,370014
3020020,43.361649,-80.313518,370015
3020020,43.361570,-80.313514,370016
3020020,43.360921,-80.313541,370017
3020020,43.359904,-80.313556,370018
3020020,43.358915,-80.313593,370019
3020020,43.358859,-80.313596,370020
3020020,43.358695,-80.313614,370021
3020020,43.358553,-80.313637,370022
3020020,43.357873,-80.313722,370023
3020020,43.357831,-80.313514,370024
3020020,43.357628,-80.312497,370025
3020020,43.357014,-80.313087,370026
3020020,43.356978,-80.313125,370027
3020020,43.356952,-80.313165,370028
3020020,43.356942,-80.313189,370029
3020020,43.356934,-80.313212,370030
3020020,43.356921,-80.313263,370031
3020020,43.356917,-80.313289,370032
3020020,43.356920,-80.313669,370033
3020020,43.357660,-80.313543,370034
3020021,43.392683,-80.323168,10001
3020021,43.392829,-80.323213,10002
3020021,43.393513,-80.323423,10003
3020021,43.394497,-80.323727,10004
3020021,43.394497,-80.323727,20001
3020021,43.395183,-80.323938,20002
3020021,43.395183,-80.323938,30001
3020021,43.395301,-80.323975,30002
3020021,43.396996,-80.324509,30003
3020021,43.396996,-80.324509,40001
3020021,43.397920,-80.324802,40002
3020021,43.397920,-80.324802,50001
3020021,43.398057,-80.324845,50002
3020021,43.400106,-80.325517,50003
3020021,43.400106,-80.325517,60001
3020021,43.401581,-80.326001,60002
3020021,43.401581,-80.326001,70001
3020021,43.401705,-80.326041,70002
3020021,43.402409,-80.326274,70003
3020021,43.402409,-80.326274,80001
3020021,43.402954,-80.326454,80002
3020021,43.402954,-80.326454,90001
3020021,43.403063,-80.326490,90002
3020021,43.403945,-80.326772,90003
3020021,43.403945,-80.326772,100001
3020021,43.404673,-80.327006,100002
3020021,43.404673,-80.327006,110001
3020021,43.404763,-80.327035,110002
3020021,43.406609,-80.327645,110003
3020021,43.406609,-80.327645,120001
3020021,43.407718,-80.328010,120002
3020021,43.407718,-80.328010,130001
3020021,43.407793,-80.328035,130002
3020021,43.407793,-80.328035,140001
3020021,43.408034,-80.328114,140002
3020021,43.408075,-80.328128,140003
3020021,43.408146,-80.328150,140004
3020021,43.408146,-80.328150,150001
3020021,43.408310,-80.328200,150002
3020021,43.408546,-80.328262,150003
3020021,43.408783,-80.328313,150004
3020021,43.409021,-80.328355,150005
3020021,43.409261,-80.328387,150006
3020021,43.409500,-80.328409,150007
3020021,43.409740,-80.328421,150008
3020021,43.409980,-80.328424,150009
3020021,43.410221,-80.328416,150010
3020021,43.410460,-80.328399,150011
3020021,43.410634,-80.328379,150012
3020021,43.411932,-80.328133,150013
3020021,43.412412,-80.328055,150014
3020021,43.412927,-80.327985,150015
3020021,43.413543,-80.327972,150016
3020021,43.414178,-80.327942,150017
3020021,43.414730,-80.327763,150018
3020021,43.414822,-80.327757,150019
3020021,43.414917,-80.327742,150020
3020021,43.415010,-80.327715,150021
3020021,43.415103,-80.327679,150022
3020021,43.415194,-80.327634,150023
3020021,43.415281,-80.327578,150024
3020021,43.415341,-80.327534,150025
3020021,43.415393,-80.327482,150026
3020021,43.415445,-80.327417,150027
3020021,43.415493,-80.327346,150028
3020021,43.415535,-80.327268,150029
3020021,43.415570,-80.327185,150030
3020021,43.415600,-80.327098,150031
3020021,43.415622,-80.327006,150032
3020021,43.415638,-80.326912,150033
3020021,43.415646,-80.326826,150034
3020021,43.415647,-80.326791,150035
3020021,43.415645,-80.326696,150036
3020021,43.415635,-80.326602,150037
3020021,43.415617,-80.326510,150038
3020021,43.415594,-80.326420,150039
3020021,43.415563,-80.326335,150040
3020021,43.415526,-80.326255,150041
3020021,43.415482,-80.326180,150042
3020021,43.415433,-80.326113,150043
3020021,43.415380,-80.326053,150044
3020021,43.415322,-80.326000,150045
3020021,43.415259,-80.325958,150046
3020021,43.415204,-80.325928,150047
3020021,43.415141,-80.325906,150048
3020021,43.415071,-80.325892,150049
3020021,43.415001,-80.325888,150050
3020021,43.414930,-80.325894,150051
3020021,43.414861,-80.325909,150052
3020021,43.414794,-80.325935,150053
3020021,43.414728,-80.325969,150054
3020021,43.414665,-80.326013,150055
3020021,43.414606,-80.326065,150056
3020021,43.414552,-80.326126,150057
3020021,43.414502,-80.326194,150058
3020021,43.414485,-80.326221,150059
3020021,43.414442,-80.326310,150060
3020021,43.414397,-80.326423,150061
3020021,43.414358,-80.326541,150062
3020021,43.414326,-80.326662,150063
3020021,43.414302,-80.326786,150064
3020021,43.414284,-80.326915,150065
3020021,43.414223,-80.327422,150066
3020021,43.414119,-80.328421,150067
3020021,43.413919,-80.335516,150068
3020021,43.413590,-80.352445,150069
3020021,43.413578,-80.352802,150070
3020021,43.413558,-80.353159,150071
3020021,43.413530,-80.353515,150072
3020021,43.413496,-80.353870,150073
3020021,43.413444,-80.354314,150074
3020021,43.413399,-80.354631,150075
3020021,43.413347,-80.354945,150076
3020021,43.413287,-80.355257,150077
3020021,43.413221,-80.355567,150078
3020021,43.413148,-80.355874,150079
3020021,43.413069,-80.356177,150080
3020021,43.412982,-80.356477,150081
3020021,43.412906,-80.356727,150082
3020021,43.412808,-80.357027,150083
3020021,43.412704,-80.357322,150084
3020021,43.412593,-80.357614,150085
3020021,43.412475,-80.357901,150086
3020021,43.412322,-80.358250,150087
3020021,43.412230,-80.358446,150088
3020021,43.412099,-80.358713,150089
3020021,43.411963,-80.358974,150090
3020021,43.411820,-80.359228,150091
3020021,43.407166,-80.367120,150092
3020021,43.406996,-80.367438,150093
3020021,43.406737,-80.367938,150094
3020021,43.406619,-80.368172,150095
3020021,43.406221,-80.369313,150096
3020021,43.405244,-80.371998,150097
3020021,43.404832,-80.373184,150098
3020021,43.404370,-80.374687,150099
3020021,43.404302,-80.374917,150100
3020021,43.404232,-80.375143,150101
3020021,43.404166,-80.375378,150102
3020021,43.404107,-80.375617,150103
3020021,43.404055,-80.375858,150104
3020021,43.404009,-80.376103,150105
3020021,43.403972,-80.376349,150106
3020021,43.403950,-80.376513,150107
3020021,43.403944,-80.376587,150108
3020021,43.403929,-80.376814,150109
3020021,43.403921,-80.377041,150110
3020021,43.403920,-80.377269,150111
3020021,43.403927,-80.377496,150112
3020021,43.403941,-80.377723,150113
3020021,43.403962,-80.377949,150114
3020021,43.403991,-80.378173,150115
3020021,43.404026,-80.378395,150116
3020021,43.404047,-80.378509,150117
3020021,43.404093,-80.378702,150118
3020021,43.404151,-80.378919,150119
3020021,43.404216,-80.379133,150120
3020021,43.404287,-80.379343,150121
3020021,43.404318,-80.379423,150122
3020021,43.404436,-80.379700,150123
3020021,43.404581,-80.380005,150124
3020021,43.404819,-80.380415,150125
3020021,43.407298,-80.384333,150126
3020021,43.407890,-80.385293,150127
3020021,43.408079,-80.385628,150128
3020021,43.408471,-80.386379,150129
3020021,43.408761,-80.387010,150130
3020021,43.408999,-80.387614,150131
3020021,43.409763,-80.389480,150132
3020021,43.410231,-80.390622,150133
3020021,43.410506,-80.391278,150134
3020021,43.410744,-80.391838,150135
3020021,43.410971,-80.392305,150136
3020021,43.411116,-80.392545,150137
3020021,43.411258,-80.392696,150138
3020021,43.411409,-80.392792,150139
3020021,43.411560,-80.392822,150140
3020021,43.411756,-80.392788,150141
3020021,43.411876,-80.392697,150142
3020021,43.411946,-80.392618,150143
3020021,43.412006,-80.392514,150144
3020021,43.412070,-80.392375,150145
3020021,43.412099,-80.392229,150146
3020021,43.412115,-80.392087,150147
3020021,43.412105,-80.391963,150148
3020021,43.412086,-80.391850,150149
3020021,43.412054,-80.391734,150150
3020021,43.412001,-80.391629,150151
3020021,43.411942,-80.391540,150152
3020021,43.411821,-80.391430,150153
3020021,43.411696,-80.391360,150154
3020021,43.411569,-80.391335,150155
3020021,43.411418,-80.391354,150156
3020021,43.411259,-80.391415,150157
3020021,43.410212,-80.391892,150158
3020021,43.409621,-80.392327,150159
3020021,43.409320,-80.392532,150160
3020021,43.409267,-80.392575,150161
3020021,43.409672,-80.393595,150162
3020021,43.409857,-80.393462,150163
3020021,43.410034,-80.393444,150164
3020021,43.410061,-80.393422,150165
3020021,43.410061,-80.393422,160001
3020021,43.410450,-80.393098,160002
3020021,43.410189,-80.392346,160003
3020021,43.409589,-80.392769,160004
3020021,43.409857,-80.393462,160005
3020021,43.409672,-80.393595,160006
3020021,43.409267,-80.392575,160007
3020021,43.409320,-80.392532,160008
3020021,43.409621,-80.392327,160009
3020021,43.410212,-80.391892,160010
3020021,43.410791,-80.391468,160011
3020021,43.411775,-80.390785,160012
3020021,43.411895,-80.390913,160013
3020021,43.412111,-80.391457,160014
3020021,43.412218,-80.391763,160015
3020021,43.412258,-80.391984,160016
3020021,43.412253,-80.392218,160017
3020021,43.412220,-80.392474,160018
3020021,43.412132,-80.392825,160019
3020021,43.411956,-80.393562,160020
3020021,43.411920,-80.393893,160021
3020021,43.411920,-80.394185,160022
3020021,43.411931,-80.394448,160023
3020021,43.411971,-80.394724,160024
3020021,43.412040,-80.395012,160025
3020021,43.412135,-80.395313,160026
3020021,43.412767,-80.397161,160027
3020021,43.412948,-80.397665,160028
3020021,43.413271,-80.398600,160029
3020021,43.413461,-80.399209,160030
3020021,43.413694,-80.400032,160031
3020021,43.413921,-80.400960,160032
3020021,43.414235,-80.402203,160033
3020021,43.414619,-80.403835,160034
3020021,43.414995,-80.405350,160035
3020021,43.415100,-80.405742,160036
3020021,43.415303,-80.406356,160037
3020021,43.415626,-80.407277,160038
3020021,43.416014,-80.408223,160039
3020021,43.416452,-80.409128,160040
3020021,43.416644,-80.409471,160041
3020021,43.418229,-80.412122,160042
3020021,43.418704,-80.412926,160043
3020021,43.418968,-80.413402,160044
3020021,43.419146,-80.413754,160045
3020021,43.419512,-80.414485,160046
3020021,43.420834,-80.417466,160047
3020021,43.421111,-80.418078,160048
3020021,43.421395,-80.418714,160049
3020021,43.421671,-80.419343,160050
3020021,43.421856,-80.419786,160051
3020021,43.422220,-80.420767,160052
3020021,43.422423,-80.421380,160053
3020021,43.422614,-80.421981,160054
3020021,43.422798,-80.422644,160055
3020021,43.423436,-80.425104,160056
3020021,43.423673,-80.426000,160057
3020021,43.423923,-80.426980,160058
3020021,43.424775,-80.430369,160059
3020021,43.425018,-80.431359,160060
3020021,43.425236,-80.432136,160061
3020021,43.425355,-80.432538,160062
3020021,43.425500,-80.432965,160063
3020021,43.425728,-80.433548,160064
3020021,43.425995,-80.434144,160065
3020021,43.426238,-80.434618,160066
3020021,43.426561,-80.435178,160067
3020021,43.427061,-80.435908,160068
3020021,43.427383,-80.436338,160069
3020021,43.427861,-80.436845,160070
3020021,43.428175,-80.437069,160071
3020021,43.428462,-80.437263,160072
3020021,43.428692,-80.437410,160073
3020021,43.428907,-80.437476,160074
3020021,43.429065,-80.437464,160075
3020021,43.429282,-80.437383,160076
3020021,43.429514,-80.437261,160077
3020021,43.429683,-80.437157,160078
3020021,43.429756,-80.437065,160079
3020021,43.429818,-80.436953,160080
3020021,43.429850,-80.436861,160081
3020021,43.429852,-80.436716,160082
3020021,43.429834,-80.436418,160083
3020021,43.429243,-80.434593,160084
3020021,43.429128,-80.434220,160085
3020021,43.428878,-80.433407,160086
3020021,43.428485,-80.432195,160087
3020021,43.427680,-80.432683,160088
3020021,43.427202,-80.432911,160089
3020021,43.426690,-80.433021,160090
3020021,43.426405,-80.433096,160091
3020021,43.426139,-80.433184,160092
3020021,43.425938,-80.433276,160093
3020021,43.425322,-80.433616,160094
3020021,43.425069,-80.433792,160095
3020021,43.424511,-80.434246,160096
3020021,43.424407,-80.434337,160097
3020021,43.424274,-80.434479,160098
3020021,43.423836,-80.435079,160099
3020021,43.423460,-80.435676,160100
3020021,43.423393,-80.435799,160101
3020021,43.422699,-80.437025,160102
3020021,43.422565,-80.437257,160103
3020021,43.422091,-80.438079,160104
3020021,43.422055,-80.438167,160105
3020021,43.421979,-80.438321,160106
3020021,43.421886,-80.438536,160107
3020021,43.421786,-80.438817,160108
3020021,43.421691,-80.439170,160109
3020021,43.421657,-80.439366,160110
3020021,43.421883,-80.439499,160111
3020021,43.422381,-80.440001,160112
3020021,43.422528,-80.440072,160113
3020021,43.422423,-80.440659,160114
3020021,43.422226,-80.441816,160115
3020021,43.422142,-80.442312,160116
3020021,43.422381,-80.442375,160117
3020021,43.422418,-80.442147,160118
